Gradient Boosting Model Scores:

--- Bag of Words ---

accuracy: 0.7668488160291439
f1: 0.7217391304347827
precision: 0.8512820512820513
recall: 0.6264150943396226

--- Sub-linear TFIDF ---

accuracy: 0.7650273224043715
f1: 0.7164835164835165
precision: 0.8578947368421053
recall: 0.6150943396226415


--- SMART Weighting ---

accuracy: 0.7704918032786885
f1: 0.7260869565217392
precision: 0.8564102564102564
recall: 0.630188679245283


--- Okapi BM25 ---

accuracy: 0.7668488160291439
f1: 0.7155555555555555
precision: 0.8702702702702703
recall: 0.6075471698113207
